6 0.20390625 0.2375 0.221875 0.0765625
6 0.19765625 0.3453125 0.2578125 0.0796875
6 0.209375 0.44296875 0.2625 0.0953125
6 0.20859375 0.56328125 0.2578125 0.1125
6 0.2125 0.6765625 0.25 0.0734375
6 0.20703125 0.77890625 0.2734375 0.0984375
6 0.4859375 0.22265625 0.246875 0.0734375
6 0.49296875 0.33046875 0.2671875 0.0828125
6 0.496875 0.4390625 0.2875 0.0984375
6 0.49140625 0.5640625 0.2859375 0.1015625
6 0.4953125 0.6796875 0.259375 0.0890625
6 0.50078125 0.78671875 0.246875 0.078125
6 0.76328125 0.196875 0.259375 0.0875
6 0.77265625 0.30859375 0.2890625 0.103125
6 0.7671875 0.440625 0.2390625 0.0875
6 0.7765625 0.54921875 0.253125 0.0890625
6 0.7671875 0.6609375 0.259375 0.1015625
6 0.78359375 0.77421875 0.2515625 0.0984375