7 0.09833333333333333 0.2520833333333333 0.16833333333333333 0.17083333333333334
7 0.255 0.25625 0.175 0.1725
7 0.41625 0.25666666666666665 0.16916666666666666 0.17
7 0.5820833333333333 0.25625 0.16583333333333333 0.16916666666666666
7 0.74875 0.25666666666666665 0.15416666666666667 0.17333333333333334
7 0.9075 0.25708333333333333 0.15833333333333333 0.17416666666666666
7 0.8995833333333333 0.41208333333333336 0.15916666666666668 0.15916666666666668
7 0.90125 0.5766666666666667 0.15416666666666667 0.15333333333333332
7 0.90125 0.7375 0.16083333333333333 0.17
7 0.7441666666666666 0.7391666666666666 0.17 0.15833333333333333
7 0.5791666666666667 0.7383333333333333 0.17666666666666667 0.165
7 0.41875 0.7404166666666666 0.16916666666666666 0.16916666666666666
7 0.25458333333333333 0.7320833333333333 0.15916666666666668 0.1575
7 0.09625 0.7341666666666666 0.15916666666666668 0.165
7 0.095 0.5783333333333334 0.16333333333333333 0.16
7 0.09791666666666667 0.41083333333333333 0.1525 0.15333333333333332