7 0.9564101562499999 0.5251718750000001 0.0871796875 0.203125
7 0.648046875 0.5252604166666667 0.13828125 0.18802083333333333
7 0.2115234375 0.5796875 0.148828125 0.196875
7 0.8484375 0.603125 0.1359375 0.196875
7 0.51171875 0.6184895833333334 0.14296875 0.18072916666666666
7 0.08933593749999999 0.66796875 0.14990625 0.19183854166666667
7 0.673109375 0.06857812499999999 0.14947656250000002 0.13715104166666667
7 0.7125 0.6984375 0.1546875 0.21041666666666667
7 0.3818359375 0.7145833333333333 0.152734375 0.19791666666666666
7 0.5783203125 0.7916666666666666 0.160546875 0.19895833333333332
7 0.2580078125 0.80078125 0.141015625 0.19010416666666666
7 0.454296875 0.88125 0.13828125 0.190625
7 0.3237578125 0.9383697916666667 0.14218359375 0.12326562499999999
7 0.5435546875 0.1296875 0.149609375 0.1875
7 0.7418046875 0.20920312500000002 0.14233984375 0.19618229166666667
7 0.4068359375 0.225 0.151953125 0.1875
7 0.6064453125 0.29791666666666666 0.144921875 0.2
7 0.276953125 0.31588541666666664 0.14296875 0.18489583333333334
7 0.908203125 0.3502604166666667 0.1515625 0.2078125
7 0.4736328125 0.3963541666666667 0.142578125 0.18958333333333333
7 0.147265625 0.4 0.1703125 0.19375
7 0.7806640625 0.43697916666666664 0.144140625 0.18958333333333333
7 0.3462890625 0.48359375 0.146484375 0.20052083333333334
7 0.047625 0.4874114583333334 0.09525390624999999 0.1953125