7 0.26171875 0.8247462919594067 0.2171875 0.34582357533177205
7 0.4903645833333333 0.8434816549570648 0.21822916666666667 0.31303669008587043
7 0.7424479166666667 0.8747072599531616 0.21822916666666667 0.2505854800936768
7 0.32837500000000003 0.10625292740046839 0.17868229166666666 0.21250585480093678
7 0.522359375 0.13530835284933646 0.18296875 0.27062451209992194
7 0.73153125 0.18301327088212335 0.18811979166666667 0.23939890710382514
7 0.9268072916666666 0.21814207650273224 0.14638541666666666 0.2524043715846994
7 0.2681979166666667 0.25327088212334115 0.18680208333333334 0.234192037470726
7 0.47042708333333333 0.2894847775175644 0.18153645833333334 0.21033567525370803
7 0.6787291666666667 0.32548009367681496 0.19189583333333332 0.20946916471506635
7 0.9025 0.3699375487900078 0.19499479166666667 0.22291959406713505
7 0.19166666666666668 0.41959406713505076 0.20833333333333334 0.30679156908665106
7 0.41458333333333336 0.43950039032006244 0.203125 0.24355971896955503
7 0.6213541666666667 0.49804839968774395 0.215625 0.2935206869633099
7 0.8463541666666666 0.5355191256830601 0.23125 0.29820452771272443
7 0.1171875 0.5593286494925839 0.22291666666666668 0.24746291959406713
7 0.3416666666666667 0.5921155347384855 0.21770833333333334 0.2302888368462139
7 0.55703125 0.6569086651053864 0.21510416666666668 0.2615144418423107
7 0.796875 0.7166276346604216 0.22604166666666667 0.3263075722092115
7 0.06942708333333333 0.7611241217798594 0.13885416666666667 0.3339422326307572