7 0.5078571428571429 0.22376873661670235 0.19 0.2890792291220557
7 0.9242714285714286 0.3189721627408994 0.15145714285714285 0.2507066381156317
7 0.6442857142857142 0.37794432548179874 0.19714285714285715 0.31905781584582443
7 0.21785714285714286 0.43147751605995716 0.19285714285714287 0.29336188436830835
7 0.8228571428571428 0.5085653104925053 0.21714285714285714 0.3361884368308351
7 0.3435714285714286 0.5738758029978587 0.20714285714285716 0.29978586723768735
7 0.072 0.5897644539614562 0.1440142857142857 0.2676659528907923
7 0.9501571428571429 0.6783083511777301 0.09967142857142856 0.3136188436830835
7 0.18214285714285713 0.7730192719486081 0.22714285714285715 0.3426124197002141
7 0.6384571428571428 0.10171306209850108 0.16555714285714285 0.20342612419700215
7 0.37642857142857145 0.1349036402569593 0.17857142857142858 0.26124197002141325
7 0.7768285714285714 0.20342612419700215 0.17444285714285715 0.2819486081370449