7 0.2860824742268041 0.23529411764705882 0.1556701030927835 0.20743034055727555
7 0.4274432989690722 0.2476780185758514 0.11823711340206185 0.1823219814241486
7 0.5427835051546391 0.2801857585139319 0.14948453608247422 0.1826625386996904
7 0.7001237113402062 0.2975541795665635 0.1412577319587629 0.17888544891640867
7 0.14278350515463917 0.3281733746130031 0.17422680412371133 0.22910216718266255
7 0.38334020618556697 0.3852786377708978 0.1399896907216495 0.19952012383900927
7 0.5195876288659794 0.43188854489164086 0.15051546391752577 0.20743034055727555
7 0.05738144329896907 0.4373065015479876 0.11351546391752577 0.2158513931888545
7 0.7639896907216496 0.44547987616099066 0.12122680412371134 0.1444736842105263
7 0.23402061855670103 0.44659442724458204 0.15257731958762888 0.20588235294117646
7 0.6587628865979381 0.46594427244582043 0.1402061855670103 0.2260061919504644
7 0.774298969072165 0.5817801857585139 0.11436082474226805 0.15393188854489165
7 0.12164948453608247 0.5998452012383901 0.15463917525773196 0.21826625386996903
7 0.43041237113402064 0.6238390092879257 0.18041237113402062 0.20123839009287925
7 0.27989690721649485 0.6408668730650154 0.1577319587628866 0.23219814241486067
7 0.698979381443299 0.6901393188854489 0.14583505154639176 0.13329721362229102
7 0.5545876288659795 0.7348606811145512 0.17043298969072165 0.18145510835913312
7 0.40711340206185564 0.7610990712074304 0.1566082474226804 0.1771517027863777
7 0.05357731958762887 0.7808668730650155 0.10715463917525773 0.21671826625386997
7 0.18542268041237114 0.7929102167182663 0.14621649484536084 0.19952012383900927
7 0.3520618556701031 0.08591331269349846 0.1618556701030928 0.16873065015479877
7 0.5245463917525773 0.8711764705882352 0.13717525773195877 0.1289938080495356
7 0.3678659793814433 0.8930959752321982 0.15029896907216495 0.14705882352941177
7 0.5123711340206185 0.12074303405572756 0.1402061855670103 0.17956656346749225