7 0.12891113892365458 0.19230769230769232 0.1927409261576971 0.21951219512195122
7 0.7609511889862328 0.23076923076923078 0.16270337922403003 0.2626641651031895
7 0.928035043804756 0.2776735459662289 0.1414267834793492 0.27392120075046905
7 0.4518147684605757 0.3142589118198874 0.17521902377972465 0.21575984990619138
7 0.6433041301627034 0.31894934333958724 0.13266583229036297 0.2776735459662289
7 0.24968710888610762 0.3442776735459662 0.1439299123904881 0.2045028142589118
7 0.1113892365456821 0.399624765478424 0.18272841051314143 0.2326454033771107
7 0.8404255319148937 0.43902439024390244 0.1739674593241552 0.20637898686679174
7 0.5594493116395495 0.4699812382739212 0.15018773466833543 0.2607879924953096
7 0.3617021276595745 0.4793621013133208 0.1927409261576971 0.2270168855534709
7 0.690863579474343 0.5684803001876173 0.14518147684605756 0.25140712945590993
7 0.06807259073842303 0.5811632270168855 0.13614518147684607 0.225140712945591
7 0.958936170212766 0.5898686679174484 0.08214017521902377 0.23988742964352722
7 0.2265331664580726 0.5938086303939962 0.16270337922403003 0.29080675422138835
7 0.4831038798498123 0.6407129455909943 0.1376720901126408 0.275797373358349
7 0.8498122653316645 0.6407129455909943 0.16520650813516896 0.23827392120075047
7 0.18727158948685857 0.069906191369606 0.15753441802252816 0.139812382739212
7 0.3523153942428035 0.702626641651032 0.16896120150187735 0.2682926829268293
7 0.05853566958698373 0.8125703564727955 0.11708385481852315 0.22692307692307692
7 0.5851063829787234 0.8245778611632271 0.1539424280350438 0.2870544090056285
7 0.7415519399249061 0.8245778611632271 0.15894868585732166 0.28330206378986866
7 0.8275594493116396 0.0851031894934334 0.15081351689612016 0.170187617260788
7 0.9136420525657072 0.8452157598499062 0.17271589486858574 0.24577861163227016
7 0.17221526908635795 0.8723264540337711 0.15068836045056322 0.25534709193245775
7 0.4481476846057572 0.8902063789868668 0.14495619524405506 0.2196060037523452
7 0.3062953692115144 0.9045028142589119 0.1435043804755945 0.19101313320825516
7 0.6343554443053817 0.10206378986866792 0.13725907384230288 0.20414634146341465
7 0.4899874843554443 0.13133208255159476 0.17897371714643304 0.2551594746716698
7 0.33229036295369213 0.16322701688555347 0.14643304130162704 0.28893058161350843