7 0.8861333333333332 0.32625 0.22773333333333332 0.244175
7 0.38461666666666666 0.344575 0.23136666666666666 0.220825
7 0.13458333333333333 0.35082500000000005 0.23793333333333333 0.25832499999999997
7 0.6346666666666667 0.36125 0.22478333333333333 0.234175
7 0.3625 0.5425 0.25833333333333336 0.435
7 0.6283333333333333 0.55125 0.2633333333333333 0.4275
7 0.8866666666666667 0.55875 0.22666666666666666 0.4175
7 0.11166666666666666 0.565 0.22 0.435
7 0.39295 0.198325 0.2147 0.193325
7 0.87555 0.2025 0.22321666666666667 0.191675
7 0.6266166666666667 0.209175 0.21868333333333334 0.195
7 0.15706666666666666 0.209175 0.18626666666666666 0.195