7 0.6302083333333334 0.5252604166666667 0.125 0.18385416666666668
7 0.23819444444444443 0.5776041666666667 0.1375 0.203125
7 0.6558993055555555 0.05946354166666667 0.12650347222222222 0.11892187500000001
7 0.8088541666666667 0.6072916666666667 0.12465277777777778 0.19895833333333332
7 0.5095486111111112 0.6203125 0.12465277777777778 0.18854166666666666
7 0.134375 0.6651041666666667 0.13819444444444445 0.209375
7 0.6946180555555556 0.6986979166666667 0.134375 0.19635416666666666
7 0.3975694444444444 0.7135416666666666 0.13541666666666666 0.20208333333333334
7 0.5729166666666666 0.7950520833333333 0.1326388888888889 0.20364583333333333
7 0.28229166666666666 0.8013020833333333 0.13958333333333334 0.19947916666666668
7 0.4592013888888889 0.8794270833333333 0.12534722222222222 0.19322916666666667
7 0.3436284722222222 0.935765625 0.13043402777777777 0.12847395833333333
7 0.5395833333333333 0.13072916666666667 0.1388888888888889 0.20104166666666667
7 0.7170138888888888 0.209375 0.12291666666666666 0.2
7 0.41961805555555554 0.22578125 0.128125 0.19322916666666667
7 0.5982638888888889 0.30130208333333336 0.12986111111111112 0.19635416666666666
7 0.3032986111111111 0.31666666666666665 0.134375 0.196875
7 0.8618055555555556 0.34765625 0.1326388888888889 0.19427083333333334
7 0.4779513888888889 0.39609375 0.12743055555555555 0.19114583333333332
7 0.18993055555555555 0.4041666666666667 0.13333333333333333 0.209375
7 0.7467013888888889 0.44036458333333334 0.13506944444444444 0.1984375
7 0.36041666666666666 0.4861979166666667 0.13819444444444445 0.19427083333333334
7 0.07395833333333333 0.4953125 0.13472222222222222 0.19270833333333334
7 0.9239583333333333 0.5158854166666667 0.13333333333333333 0.20677083333333332