7 0.9263833333333334 0.15752592592592593 0.14155 0.31506666666666666
7 0.7427416666666666 0.16048888888888888 0.19760833333333333 0.32099259259259255
7 0.5435416666666667 0.16345185185185185 0.19585833333333333 0.3269185185185185
7 0.3371083333333333 0.1684 0.19967500000000002 0.3367851851851852
7 0.1329 0.16937777777777777 0.18792499999999998 0.33877037037037033
7 0.9291083333333334 0.5017333333333334 0.14178333333333332 0.35358518518518517
7 0.7516666666666667 0.5177777777777778 0.19833333333333333 0.36
7 0.55125 0.5192592592592593 0.19416666666666665 0.362962962962963
7 0.3408333333333333 0.522962962962963 0.21 0.35259259259259257
7 0.1325 0.5311111111111111 0.20333333333333334 0.36592592592592593
7 0.9346666666666666 0.8461777777777777 0.13066666666666668 0.30765925925925924
7 0.7569083333333333 0.8565481481481481 0.18260833333333332 0.2869185185185185
7 0.3418333333333333 0.8580296296296296 0.19911666666666666 0.2839555555555555
7 0.5502083333333333 0.859511111111111 0.1892 0.28099259259259257
7 0.12456666666666666 0.8698814814814814 0.197925 0.26025185185185185