9 0.06875 0.115625 0.1375 0.23125
9 0.25703125 0.03046875 0.2171875 0.0609375
9 0.76484375 0.23203125 0.265625 0.175
9 0.525 0.1015625 0.2546875 0.175
9 0.896875 0.08125 0.203125 0.1625
9 0.71953125 0.08359375 0.2828125 0.1671875
9 0.06484375 0.80546875 0.1296875 0.1828125
9 0.196875 0.79921875 0.171875 0.1796875
9 0.30078125 0.67734375 0.15625 0.1671875
9 0.1171875 0.6484375 0.190625 0.17890625
9 0.84375 0.7109375 0.309375 0.41875
9 0.97265625 0.6828125 0.0515625 0.290625
9 0.56171875 0.67578125 0.33515625 0.36171875
9 0.69921875 0.47421875 0.3765625 0.1890625