9 0.30234375 0.38046875 0.2921875 0.3546875
9 0.46328125 0.2609375 0.1296875 0.475
9 0.26015625 0.1546875 0.16484375 0.18671875
9 0.39765625 0.13828125 0.13828125 0.2546875
9 0.2703125 0.04140625 0.1625 0.0828125
9 0.621875 0.26640625 0.184375 0.3078125
9 0.784375 0.2515625 0.171875 0.2546875
9 0.88671875 0.1796875 0.08984375 0.0921875
9 0.8171875 0.08828125 0.1984375 0.1421875
9 0.640625 0.08203125 0.07578125 0.10234375
9 0.33515625 0.93203125 0.2921875 0.1328125
9 0.10546875 0.8859375 0.2109375 0.225
9 0.403125 0.78515625 0.25 0.2703125
9 0.1953125 0.73359375 0.18046875 0.1328125
9 0.33671875 0.60625 0.2265625 0.09375
9 0.7640625 0.7859375 0.46875 0.425