9 0.053125 0.09375 0.10625 0.1875
9 0.303125 0.09375 0.290625 0.1875
9 0.52109375 0.128125 0.1421875 0.11875
9 0.9546875 0.09375 0.0875 0.1875
9 0.79140625 0.03828125 0.2171875 0.0765625
9 0.1546875 0.65390625 0.309375 0.4921875
9 0.8671875 0.878125 0.184375 0.20234375
9 0.94921875 0.79453125 0.0984375 0.1890625
9 0.7859375 0.70703125 0.17890625 0.18125
9 0.628125 0.70078125 0.171875 0.1796875
9 0.91484375 0.6609375 0.1671875 0.165625
9 0.5265625 0.5796875 0.153125 0.16875
9 0.7078125 0.55 0.190625 0.17890625
9 0.91640625 0.34609375 0.1640625 0.2015625