9 0.19140625 0.31640625 0.1359375 0.17265625
9 0.0703125 0.26015625 0.140625 0.1640625
9 0.34453125 0.25078125 0.196875 0.2359375
9 0.08046875 0.065625 0.1609375 0.13125
9 0.20234375 0.09140625 0.1859375 0.1828125
9 0.68515625 0.44296875 0.2703125 0.1703125
9 0.87734375 0.24765625 0.234375 0.0921875
9 0.74765625 0.11875 0.16953125 0.17890625
9 0.43671875 0.80078125 0.2234375 0.1921875
9 0.2515625 0.64765625 0.140625 0.11328125
9 0.48203125 0.61328125 0.1328125 0.1671875
9 0.87734375 0.6359375 0.1359375 0.2125
9 0.7234375 0.8671875 0.346875 0.2625
9 0.98125 0.6640625 0.034375 0.190625