11 0.143 0.11345238095238094 0.08813333333333334 0.20761904761904765
11 0.08510000000000001 0.12482142857142857 0.056499999999999995 0.17839285714285713
11 0.16473333333333334 0.2604761904761905 0.04426666666666666 0.12785714285714286
11 0.2118 0.26529761904761906 0.0715 0.17607142857142857
11 0.1819 0.486547619047619 0.07646666666666667 0.16583333333333333
11 0.20676666666666668 0.4255952380952381 0.06359999999999999 0.1094047619047619
11 0.27663333333333334 0.7281547619047619 0.08033333333333334 0.17124999999999999
11 0.3348 0.6404761904761904 0.07906666666666666 0.14422619047619048
11 0.4227666666666667 0.9339880952380952 0.0867 0.13208333333333333
11 0.8445666666666667 0.4425 0.08226666666666667 0.15875
11 0.8693666666666666 0.25202380952380954 0.08656666666666667 0.15726190476190477
11 0.8958 0.22952380952380955 0.10383333333333333 0.15083333333333332
11 0.8258666666666666 0.19440476190476189 0.06753333333333333 0.14410714285714285
11 0.8263999999999999 0.29041666666666666 0.061066666666666665 0.14154761904761906
11 0.6778333333333333 0.17124999999999999 0.07033333333333334 0.18071428571428572
11 0.48833333333333334 0.22113095238095237 0.0635 0.13398809523809524
11 0.5517666666666666 0.2651190476190476 0.075 0.13916666666666666
11 0.5923333333333333 0.2911309523809524 0.03523333333333333 0.11601190476190475
11 0.5586000000000001 0.40940476190476194 0.06383333333333333 0.12136904761904763
11 0.5047666666666667 0.475 0.08343333333333333 0.19666666666666666
11 0.5611666666666667 0.08952380952380952 0.07100000000000001 0.14392857142857143
11 0.6121333333333333 0.07029761904761905 0.07450000000000001 0.1405357142857143
11 0.6890999999999999 0.04827380952380952 0.07283333333333333 0.09660714285714286