13 0.46033653846153844 0.8317307692307693 0.18028846153846154 0.1875
13 0.6923076923076923 0.7776442307692307 0.1971153846153846 0.22355769230769232
13 0.8521634615384616 0.5060096153846154 0.2091346153846154 0.2283653846153846
13 0.78125 0.35697115384615385 0.20192307692307693 0.21634615384615385
13 0.6730769230769231 0.2127403846153846 0.24519230769230768 0.2644230769230769
13 0.5444711538461539 0.30649038461538464 0.2548076923076923 0.24278846153846154
13 0.38341346153846156 0.2548076923076923 0.2956730769230769 0.2860576923076923
13 0.38341346153846156 0.49759615384615385 0.1875 0.20432692307692307
13 0.2512019230769231 0.4411057692307692 0.15865384615384615 0.2091346153846154
13 0.2800480769230769 0.3485576923076923 0.15865384615384615 0.15865384615384615
13 0.5889423076923077 0.5985576923076923 0.16105769230769232 0.18269230769230768
13 0.5420673076923077 0.5060096153846154 0.1346153846153846 0.18269230769230768