13 0.0673076923076923 0.8473557692307693 0.1346153846153846 0.21394230769230768
13 0.10096153846153846 0.6237980769230769 0.20192307692307693 0.3629807692307692
13 0.28846153846153844 0.828125 0.19230769230769232 0.31490384615384615
13 0.5132211538461539 0.8401442307692307 0.3485576923076923 0.31971153846153844
13 0.7415865384615384 0.8629807692307693 0.22355769230769232 0.27403846153846156
13 0.2932692307692308 0.5637019230769231 0.24278846153846154 0.3293269230769231
13 0.5384615384615384 0.5733173076923077 0.38461538461538464 0.4423076923076923
13 0.8341346153846154 0.5865384615384616 0.3317307692307692 0.5144230769230769
13 0.3485576923076923 0.2920673076923077 0.27163461538461536 0.34134615384615385
13 0.13942307692307693 0.4423076923076923 0.19951923076923078 0.27884615384615385
13 0.1346153846153846 0.17548076923076922 0.21875 0.22596153846153846
13 0.14903846153846154 0.06129807692307692 0.20192307692307693 0.12259615384615384
13 0.4519230769230769 0.10697115384615384 0.2932692307692308 0.21394230769230768
13 0.6550480769230769 0.22956730769230768 0.2668269230769231 0.27163461538461536
13 0.8737980769230769 0.17067307692307693 0.25240384615384615 0.28365384615384615
13 0.21033653846153846 0.7572115384615384 0.22115384615384615 0.43509615384615385
13 0.6346153846153846 0.09495192307692307 0.20432692307692307 0.18269230769230768