13 0.4014423076923077 0.8197115384615384 0.13701923076923078 0.14903846153846154
13 0.21153846153846154 0.6754807692307693 0.13701923076923078 0.1875
13 0.17548076923076922 0.36177884615384615 0.15144230769230768 0.1875
13 0.3016826923076923 0.2548076923076923 0.1466346153846154 0.1778846153846154
13 0.45913461538461536 0.16706730769230768 0.18028846153846154 0.21634615384615385
13 0.5384615384615384 0.30528846153846156 0.20432692307692307 0.18269230769230768
13 0.7067307692307693 0.3233173076923077 0.23557692307692307 0.21875
13 0.6069711538461539 0.5456730769230769 0.13701923076923078 0.16826923076923078
13 0.7512019230769231 0.5480769230769231 0.09615384615384616 0.18990384615384615
13 0.7632211538461539 0.4519230769230769 0.125 0.12259615384615384
13 0.3786057692307692 0.5540865384615384 0.11298076923076923 0.15144230769230768
13 0.45913461538461536 0.4879807692307692 0.07932692307692307 0.1658653846153846