13 0.14423076923076922 0.07572115384615384 0.1971153846153846 0.15144230769230768
13 0.12860576923076922 0.2704326923076923 0.24519230769230768 0.36538461538461536
13 0.3798076923076923 0.14302884615384615 0.1971153846153846 0.2860576923076923
13 0.6057692307692307 0.16826923076923078 0.35096153846153844 0.33653846153846156
13 0.8317307692307693 0.19110576923076922 0.2283653846153846 0.31971153846153844
13 0.3173076923076923 0.38461538461538464 0.24759615384615385 0.3317307692307692
13 0.5564903846153846 0.4387019230769231 0.3918269230769231 0.44711538461538464
13 0.8377403846153846 0.5048076923076923 0.3245192307692308 0.5192307692307693
13 0.3004807692307692 0.6610576923076923 0.2764423076923077 0.34615384615384615
13 0.13581730769230768 0.46274038461538464 0.20432692307692307 0.28125
13 0.08653846153846154 0.7175480769230769 0.17307692307692307 0.2283653846153846
13 0.07091346153846154 0.8605769230769231 0.14182692307692307 0.18269230769230768
13 0.34975961538461536 0.8798076923076923 0.2956730769230769 0.2403846153846154
13 0.5805288461538461 0.8016826923076923 0.2692307692307692 0.27403846153846156
13 0.7896634615384616 0.8858173076923077 0.2860576923076923 0.2283653846153846
13 0.28725961538461536 0.1971153846153846 0.2283653846153846 0.3942307692307692
13 0.5240384615384616 0.9158653846153846 0.20673076923076922 0.16826923076923078