13 0.9338942307692307 0.15865384615384615 0.13221153846153846 0.21634615384615385
13 0.8990384615384616 0.38221153846153844 0.20192307692307693 0.36538461538461536
13 0.7163461538461539 0.17548076923076922 0.1971153846153846 0.3173076923076923
13 0.49038461538461536 0.15985576923076922 0.35096153846153844 0.31971153846153844
13 0.265625 0.13581730769230768 0.2283653846153846 0.27163461538461536
13 0.7079326923076923 0.43990384615384615 0.24759615384615385 0.3317307692307692
13 0.46274038461538464 0.4254807692307692 0.3918269230769231 0.44711538461538464
13 0.16706730769230768 0.40625 0.33413461538461536 0.5192307692307693
13 0.6478365384615384 0.7103365384615384 0.2764423076923077 0.34615384615384615
13 0.8605769230769231 0.5637019230769231 0.20432692307692307 0.28125
13 0.8605769230769231 0.8305288461538461 0.22115384615384615 0.2283653846153846
13 0.8425480769230769 0.9399038461538461 0.20432692307692307 0.1201923076923077
13 0.5396634615384616 0.8930288461538461 0.2956730769230769 0.21394230769230768
13 0.3401442307692308 0.7680288461538461 0.2692307692307692 0.27403846153846156
13 0.125 0.8197115384615384 0.25 0.28846153846153844
13 0.7944711538461539 0.24759615384615385 0.2283653846153846 0.4375
13 0.3581730769230769 0.9026442307692307 0.20673076923076922 0.1875