13 0.48677884615384615 0.5180288461538461 0.17548076923076922 0.22115384615384615
13 0.625 0.24158653846153846 0.23798076923076922 0.25
13 0.4699519230769231 0.14423076923076922 0.22596153846153846 0.19951923076923078
13 0.7127403846153846 0.057692307692307696 0.13701923076923078 0.11538461538461539
13 0.27283653846153844 0.26322115384615385 0.22355769230769232 0.24278846153846154
13 0.27283653846153844 0.18028846153846154 0.12740384615384615 0.125
13 0.3870192307692308 0.5841346153846154 0.1875 0.19951923076923078
13 0.4423076923076923 0.6502403846153846 0.17067307692307693 0.20673076923076922
13 0.17908653846153846 0.34134615384615385 0.21634615384615385 0.22596153846153846
13 0.13822115384615385 0.2956730769230769 0.14423076923076922 0.13942307692307693
13 0.4026442307692308 0.265625 0.19230769230769232 0.2091346153846154