13 0.5192307692307693 0.5096153846153846 0.11778846153846154 0.19951923076923078
13 0.27403846153846156 0.3233173076923077 0.18509615384615385 0.20673076923076922
13 0.3713942307692308 0.16706730769230768 0.19471153846153846 0.1466346153846154
13 0.10336538461538461 0.17548076923076922 0.09615384615384616 0.13942307692307693
13 0.6009615384615384 0.1875 0.16826923076923078 0.20432692307692307
13 0.5637019230769231 0.11298076923076923 0.10096153846153846 0.0985576923076923
13 0.6382211538461539 0.5264423076923077 0.14182692307692307 0.1658653846153846
13 0.6177884615384616 0.609375 0.11778846153846154 0.18269230769230768
13 0.71875 0.21634615384615385 0.16826923076923078 0.18509615384615385
13 0.7355769230769231 0.15745192307692307 0.11778846153846154 0.11057692307692307
13 0.9435096153846154 0.13581730769230768 0.08173076923076923 0.12740384615384615
13 0.484375 0.24639423076923078 0.1466346153846154 0.17548076923076922