13 0.4362980769230769 0.828125 0.18509615384615385 0.19230769230769232
13 0.671875 0.7896634615384616 0.20432692307692307 0.22596153846153846
13 0.8509615384615384 0.5300480769230769 0.21634615384615385 0.23317307692307693
13 0.7908653846153846 0.37740384615384615 0.20673076923076922 0.22115384615384615
13 0.6923076923076923 0.22596153846153846 0.2548076923076923 0.2692307692307692
13 0.5576923076923077 0.31009615384615385 0.2620192307692308 0.25240384615384615
13 0.4014423076923077 0.24759615384615385 0.30288461538461536 0.2956730769230769
13 0.38341346153846156 0.4891826923076923 0.19471153846153846 0.2091346153846154
13 0.25600961538461536 0.42427884615384615 0.16826923076923078 0.2091346153846154
13 0.29086538461538464 0.33413461538461536 0.16346153846153846 0.16346153846153846
13 0.5817307692307693 0.6045673076923077 0.1658653846153846 0.18509615384615385
13 0.5408653846153846 0.5084134615384616 0.14423076923076922 0.18269230769230768