13 0.4807692307692308 0.5108173076923077 0.10817307692307693 0.19471153846153846
13 0.7163461538461539 0.3112980769230769 0.17307692307692307 0.1971153846153846
13 0.6105769230769231 0.16105769230769232 0.1875 0.1346153846153846
13 0.8786057692307693 0.15504807692307693 0.09134615384615384 0.1346153846153846
13 0.38341346153846156 0.1935096153846154 0.15865384615384615 0.1971153846153846
13 0.41586538461538464 0.11658653846153846 0.09615384615384616 0.09375
13 0.3629807692307692 0.5336538461538461 0.1346153846153846 0.15865384615384615
13 0.38822115384615385 0.6153846153846154 0.11057692307692307 0.1778846153846154
13 0.2668269230769231 0.2283653846153846 0.15865384615384615 0.1778846153846154
13 0.24639423076923078 0.17067307692307693 0.11057692307692307 0.10576923076923077
13 0.038461538461538464 0.15985576923076922 0.07692307692307693 0.125
13 0.5024038461538461 0.24639423076923078 0.13942307692307693 0.16826923076923078