14 0.098462 0.169056 0.155385 0.240143
14 0.308077 0.120072 0.163846 0.161290
14 0.500000 0.123059 0.164615 0.160096
14 0.688077 0.136798 0.165385 0.225806
14 0.875769 0.145759 0.168462 0.260454
14 0.104231 0.412784 0.154615 0.135006
14 0.302308 0.394265 0.163077 0.224612
14 0.504231 0.388292 0.163846 0.203106
14 0.691923 0.388889 0.163846 0.182796
14 0.879231 0.398447 0.164615 0.163680
14 0.105000 0.683990 0.163846 0.256870
14 0.387692 0.692951 0.258462 0.279570
14 0.760769 0.676225 0.396923 0.222222
